min
temps=6400:5300
latlon=33.860001:-118.379997
speed=1000
method=Auto
map=177.00,100;3.00,100;-6.00,0;-174.00,0;
